0002	3066188
0009	2934937
0016	2803530
0023	2673454
0030	2535987
0037	2391029
0044	2244179
0051	2095375
0058	1945751
0100	1903796
0107	1750590
0114	1601324
0121	1468163
0128	1340852
0135	1221136
0142	1115062
0149	1020171
0156	934746
0205	831174
0212	760585
0219	697657
0226	639447
0233	590787
0240	545866
0247	505350
0254	468858
0303	426811
0310	400580
0317	380443
0324	361158
0331	344483
0338	326535
0345	309705
0352	294880
0359	283000
0401	279188
0408	266748
0415	256217
0422	241697
0429	228419
0436	217539
0443	208194
0450	202067
0457	197117
0506	194199
0513	191789
0520	192130
0527	191597
0534	194550
0541	195918
0548	198892
0555	203188
0604	213109
0611	223193
0618	237611
0625	253488
0632	273023
0639	294193
0646	319420
0653	347871
0702	392298
0709	433749
0716	482380
0723	533461
0730	589965
0737	653480
0744	725565
0751	804186
0758	893251
0800	922356
0807	1037219
0814	1172477
0821	1318239
0828	1461866
0835	1606991
0842	1757928
0849	1906746
0856	2055035
0905	2255866
0912	2426960
0919	2601665
0926	2767278
0933	2928537
0940	3087089
0947	3237055
0954	3379124
1003	3557398
1010	3692448
1017	3818732
1024	3926860
1031	4027512
1038	4117108
1045	4197849
1052	4271783
1059	4335880
1101	4353600
1108	4407560
1115	4458452
1122	4504527
1129	4544353
1136	4579251
1143	4611600
1150	4637728
1157	4657199
1206	4676805
1213	4689484
1220	4698672
1227	4696465
1234	4692036
1241	4682596
1248	4670655
1255	4646649
1304	4599021
1311	4560528
1318	4522166
1325	4480392
1332	4436219
1339	4385515
1346	4328886
1353	4261195
1402	4156137
1409	4075312
1416	3998039
1423	3931969
1430	3863229
1437	3790941
1444	3725066
1451	3667471
1458	3610918
1500	3594136
1507	3550851
1514	3533234
1521	3534801
1528	3538559
1535	3543893
1542	3562237
1549	3593207
1556	3623592
1605	3666990
1612	3710599
1619	3760095
1626	3802975
1633	3850707
1640	3900849
1647	3953074
1654	3998879
1703	4051574
1710	4088142
1717	4128194
1724	4167542
1731	4206006
1738	4245775
1745	4281676
1752	4319240
1759	4353407
1801	4358262
1808	4385045
1815	4416518
1822	4444060
1829	4469719
1836	4489030
1843	4508978
1850	4525496
1857	4533218
1906	4529324
1913	4530245
1920	4539970
1927	4540241
1934	4543070
1941	4538377
1948	4534133
1955	4524741
2004	4504589
2011	4485706
2018	4470630
2025	4450064
2032	4424663
2039	4398894
2046	4374156
2053	4346437
2102	4299976
2109	4248032
2116	4203112
2123	4155733
2130	4111270
2137	4067413
2144	4034044
2151	3997756
2158	3962719
2200	3951220
2207	3920478
2214	3894388
2221	3876426
2228	3859711
2235	3840076
2242	3822487
2249	3797197
2256	3761545
2305	3707012
2312	3651171
2319	3590682
2326	3523632
2333	3449768
2340	3366120
2347	3277905
2354	3183789
