0004	3030551
0011	2897275
0018	2767169
0025	2634755
0032	2494535
0039	2348367
0046	2199890
0053	2052921
0102	1859519
0109	1705871
0116	1562951
0123	1431244
0130	1306661
0137	1189286
0144	1086158
0151	995055
0158	911514
0200	889656
0207	810387
0214	742013
0221	680204
0228	624696
0235	578167
0242	533527
0249	494505
0256	459366
0305	418337
0312	394758
0319	375147
0326	356018
0333	339647
0340	321493
0347	305350
0354	291358
0403	275740
0410	263508
0417	252088
0424	237270
0431	225527
0438	214219
0445	206267
0452	200608
0459	196634
0501	196226
0508	192909
0515	192342
0522	192027
0529	192587
0536	194999
0543	196806
0550	199967
0557	204858
0606	215531
0613	226562
0620	242344
0627	258944
0634	278931
0641	300795
0648	327059
0655	356624
0704	403544
0711	447053
0718	496650
0725	548908
0732	606795
0739	673114
0746	746985
0753	828013
0802	952616
0809	1073711
0816	1213989
0823	1358831
0830	1503032
0837	1650180
0844	1800566
0851	1949899
0858	2097889
0900	2141966
0907	2304410
0914	2476224
0921	2649775
0928	2813524
0935	2973707
0942	3131110
0949	3278437
0956	3420075
1005	3596321
1012	3729312
1019	3852037
1026	3958662
1033	4053468
1040	4139650
1047	4220264
1054	4291764
1103	4366836
1110	4421954
1117	4472976
1124	4515816
1131	4554321
1138	4587437
1145	4619847
1152	4643703
1159	4662209
1201	4668201
1208	4680743
1215	4692465
1222	4700429
1229	4696157
1236	4688525
1243	4679840
1250	4665599
1257	4636578
1306	4587998
1313	4548438
1320	4509821
1327	4469405
1334	4420896
1341	4371185
1348	4311810
1355	4238505
1404	4132661
1411	4054780
1418	3978907
1425	3913690
1432	3842033
1439	3770409
1446	3707717
1453	3652192
1502	3580087
1509	3543788
1516	3533670
1523	3535822
1530	3538440
1537	3547342
1544	3570749
1551	3600367
1558	3634441
1600	3642598
1607	3676502
1614	3725735
1621	3774167
1628	3815410
1635	3865128
1642	3915740
1649	3965666
1656	4009749
1705	4060470
1712	4100899
1719	4140398
1726	4178392
1733	4216757
1740	4254401
1747	4294134
1754	4331157
1803	4367324
1810	4392919
1817	4424563
1824	4452208
1831	4475766
1838	4493718
1845	4513515
1852	4529817
1859	4532720
1901	4533121
1908	4529720
1915	4534545
1922	4539628
1929	4541070
1936	4541013
1943	4537106
1950	4530875
1957	4520918
2006	4499256
2013	4481947
2020	4467347
2027	4442858
2034	4417387
2041	4393052
2048	4367927
2055	4335381
2104	4284017
2111	4235508
2118	4187639
2125	4144430
2132	4099040
2139	4054958
2146	4023055
2153	3987828
2202	3943801
2209	3908884
2216	3888318
2223	3871721
2230	3854509
2237	3835816
2244	3816106
2251	3787083
2258	3751184
2300	3738456
2307	3689319
2314	3632611
2321	3571204
2328	3503099
2335	3425802
2342	3341901
2349	3250040
2356	3156421
