0003	3047099
0010	2915655
0017	2785733
0024	2653613
0031	2515148
0038	2369397
0045	2221677
0052	2074059
0059	1926643
0101	1881083
0108	1728488
0115	1582474
0122	1450026
0129	1323266
0136	1205086
0143	1100498
0150	1007324
0157	923105
0206	820841
0213	751212
0220	689020
0227	631980
0234	584206
0241	539865
0248	499790
0255	464138
0304	422378
0311	397819
0318	377698
0325	358687
0332	341917
0339	324159
0346	307608
0353	293151
0402	277221
0409	265106
0416	254207
0423	239188
0430	227033
0437	215884
0444	207227
0451	201407
0458	196771
0500	196618
0507	193691
0514	191688
0521	192154
0528	191796
0535	194828
0542	196471
0549	199548
0556	203937
0605	214415
0612	224788
0619	239772
0626	256246
0633	275893
0640	297382
0647	323197
0654	352233
0703	397700
0710	440556
0717	489438
0724	540901
0731	598381
0738	663083
0745	736205
0752	816196
0759	907608
0801	936986
0808	1055293
0815	1193167
0822	1338900
0829	1482357
0836	1628616
0843	1779383
0850	1928425
0857	2075971
0906	2280568
0913	2450985
0920	2625165
0927	2790748
0934	2951408
0941	3109251
0948	3257807
0955	3398812
1004	3576733
1011	3711762
1018	3834730
1025	3943263
1032	4040710
1039	4128062
1046	4208592
1053	4281945
1102	4360449
1109	4414460
1116	4464807
1123	4509857
1130	4548818
1137	4583568
1144	4616776
1151	4639719
1158	4659546
1200	4664476
1207	4679022
1214	4690946
1221	4698880
1228	4696227
1235	4691026
1242	4680818
1249	4668206
1256	4643408
1305	4594156
1312	4554532
1319	4516303
1326	4475248
1333	4428764
1340	4377509
1347	4319831
1354	4251567
1403	4143984
1410	4064373
1417	3988182
1424	3922332
1431	3851943
1438	3780504
1445	3716826
1452	3658488
1459	3602682
1501	3585842
1508	3548161
1515	3534766
1522	3535237
1529	3538483
1536	3545732
1543	3567157
1550	3597286
1557	3628818
1606	3671319
1613	3717805
1620	3767087
1627	3810317
1634	3857173
1641	3909066
1648	3959732
1655	4005680
1704	4055184
1711	4094235
1718	4133670
1725	4172874
1732	4211830
1739	4250278
1746	4288933
1753	4325131
1802	4361717
1809	4388524
1816	4421167
1823	4447612
1830	4472710
1837	4491860
1844	4510619
1851	4528254
1858	4533220
1900	4531134
1907	4529312
1914	4532658
1921	4539687
1928	4540635
1935	4541833
1942	4538208
1949	4531380
1956	4522420
2005	4502670
2012	4484800
2019	4469506
2026	4446646
2033	4420659
2040	4396564
2047	4370319
2054	4341169
2103	4291348
2110	4241592
2117	4196181
2124	4149155
2131	4106420
2138	4062258
2145	4027298
2152	3991996
2159	3957054
2201	3946996
2208	3912855
2215	3890427
2222	3873768
2229	3857562
2236	3838564
2243	3819505
2250	3792557
2257	3755882
2306	3698640
2313	3641099
2320	3580056
2327	3513806
2334	3436691
2341	3354459
2348	3263747
2355	3170502
