0001	3082198
0008	2953764
0015	2821808
0022	2691593
0029	2555875
0036	2411259
0043	2263685
0050	2116350
0057	1967263
0106	1770732
0113	1622106
0120	1485886
0127	1358342
0134	1238225
0141	1128891
0148	1032977
0155	946775
0204	841696
0211	770419
0218	706298
0225	646952
0232	597162
0239	552093
0246	510838
0253	473737
0302	431213
0309	403728
0316	383167
0323	363729
0330	347226
0337	329115
0344	311921
0351	296970
0358	284180
0400	281322
0407	269390
0414	257266
0421	243714
0428	229601
0435	219184
0442	209266
0449	202871
0456	197682
0505	194671
0512	191881
0519	192046
0526	191499
0533	194092
0540	195590
0547	198297
0554	202349
0603	211827
0610	221365
0617	235597
0624	251060
0631	270088
0638	291118
0645	315580
0652	343411
0659	376406
0701	386910
0708	427420
0715	475036
0722	526241
0729	581320
0736	643926
0743	714506
0750	792672
0757	879983
0806	1019816
0813	1152543
0820	1296512
0827	1441475
0834	1586010
0841	1736361
0848	1884979
0855	2033662
0904	2232342
0911	2402278
0918	2577027
0925	2743224
0932	2906144
0939	3065445
0946	3215963
0953	3360258
1002	3538123
1009	3672140
1016	3800709
1023	3912975
1030	4015301
1037	4104376
1044	4185724
1051	4260862
1058	4327996
1100	4344640
1107	4400872
1114	4450028
1121	4499496
1128	4538136
1135	4573521
1142	4607552
1149	4635368
1156	4653828
1205	4675521
1212	4689090
1219	4697266
1226	4697760
1233	4691441
1240	4683642
1247	4673374
1254	4651173
1303	4604485
1310	4565114
1317	4524841
1324	4487415
1331	4443026
1338	4391985
1345	4338313
1352	4270818
1359	4192305
1401	4168513
1408	4087522
1415	4010500
1422	3941675
1429	3873777
1436	3801258
1443	3733793
1450	3674509
1457	3618901
1506	3554871
1513	3535944
1520	3533992
1527	3537827
1534	3541543
1541	3558927
1548	3588805
1555	3618638
1604	3662078
1611	3703820
1618	3753142
1625	3797380
1632	3843871
1639	3892029
1646	3945625
1653	3993189
1702	4046489
1709	4083666
1716	4122851
1723	4164278
1730	4200465
1737	4239659
1744	4277314
1751	4313437
1758	4347812
1800	4355888
1807	4381894
1814	4411383
1821	4440841
1828	4466065
1835	4485854
1842	4504516
1849	4522392
1856	4533210
1905	4529084
1912	4529621
1919	4539425
1926	4540816
1933	4543638
1940	4538443
1947	4534672
1954	4526341
2003	4507106
2010	4486015
2017	4473765
2024	4453559
2031	4429127
2038	4402144
2045	4378323
2052	4351008
2059	4317201
2101	4303706
2108	4255935
2115	4209727
2122	4163516
2129	4117817
2136	4074150
2143	4037630
2150	4002785
2157	3969242
2206	3923181
2213	3896200
2220	3879526
2227	3861469
2234	3842183
2241	3825572
2248	3802114
2255	3766420
2304	3713699
2311	3657748
2318	3599132
2325	3532497
2332	3460887
2339	3377985
2346	3291336
2353	3197452
