0005	3011725
0012	2878831
0019	2748505
0026	2615001
0033	2474648
0040	2328501
0047	2179791
0054	2032353
0103	1838458
0110	1682091
0117	1543582
0124	1412137
0131	1290504
0138	1174171
0145	1072683
0152	982819
0159	900483
0201	876284
0208	799301
0215	733126
0222	671966
0229	618025
0236	571769
0243	527943
0250	489265
0257	454848
0306	414670
0313	391506
0320	372505
0327	353682
0334	337266
0341	319026
0348	303239
0355	289646
0404	274371
0411	261842
0418	249958
0425	235527
0432	223929
0439	212644
0446	205359
0453	199856
0502	195627
0509	192643
0516	192353
0523	191439
0530	193157
0537	195176
0544	197184
0551	200668
0558	205945
0600	208659
0607	216755
0614	228366
0621	244570
0628	261431
0635	282047
0642	304242
0649	331067
0656	361120
0705	409445
0712	453721
0719	503950
0726	556869
0733	615750
0740	683522
0747	758596
0754	840472
0803	968261
0810	1093043
0817	1234503
0824	1379006
0831	1524001
0838	1670782
0845	1821634
0852	1970363
0859	2119663
0901	2164470
0908	2328821
0915	2501803
0922	2672877
0929	2837333
0936	2996949
0943	3152710
0950	3298902
0957	3439863
1006	3614989
1013	3747669
1020	3867996
1027	3972198
1034	4066015
1041	4151348
1048	4230368
1055	4301776
1104	4377072
1111	4430369
1118	4480128
1125	4521987
1132	4558513
1139	4592436
1146	4625394
1153	4648139
1202	4667265
1209	4685282
1216	4693709
1223	4698327
1230	4695211
1237	4686202
1244	4677391
1251	4661206
1258	4630617
1300	4619691
1307	4582032
1314	4542737
1321	4504055
1328	4463723
1335	4413566
1342	4362881
1349	4301933
1356	4228407
1405	4121776
1412	4043392
1419	3971272
1426	3903641
1433	3832171
1440	3760308
1447	3698840
1454	3643221
1503	3572509
1510	3540305
1517	3534164
1524	3537252
1531	3538037
1538	3549304
1545	3574185
1552	3605931
1559	3639025
1601	3646952
1608	3682987
1615	3732670
1622	3780495
1629	3822411
1636	3871961
1643	3923306
1650	3972729
1657	4017528
1706	4067243
1713	4107411
1720	4145612
1727	4183261
1734	4222282
1741	4260961
1748	4296912
1755	4334287
1804	4370744
1811	4397450
1818	4428854
1825	4454918
1832	4477377
1839	4496201
1846	4516750
1853	4530926
1902	4532620
1909	4530285
1916	4534692
1923	4540163
1930	4541717
1937	4540781
1944	4536805
1951	4530520
1958	4518385
2000	4514077
2007	4496155
2014	4479313
2021	4462295
2028	4436030
2035	4415269
2042	4388410
2049	4362697
2056	4331004
2105	4276880
2112	4228688
2119	4181594
2126	4138229
2133	4092533
2140	4050247
2147	4018756
2154	3981744
2203	3937783
2210	3907641
2217	3884669
2224	3869846
2231	3850821
2238	3832622
2245	3812149
2252	3782634
2259	3745889
2301	3732099
2308	3681760
2315	3625296
2322	3563614
2329	3492366
2336	3414733
2343	3328385
2350	3237061
2357	3141786
