0006	2993212
0013	2859389
0020	2730035
0027	2595383
0034	2452376
0041	2305369
0048	2158898
0055	2011642
0104	1814687
0111	1662957
0118	1524842
0125	1394473
0132	1274006
0139	1158557
0146	1059454
0153	970548
0202	863770
0209	789510
0216	724428
0223	663575
0230	611253
0237	564908
0244	522397
0251	483899
0258	450455
0300	441932
0307	410655
0314	388437
0321	369778
0328	351558
0335	334631
0342	316567
0349	301259
0356	287719
0405	272847
0412	260301
0419	247743
0426	233586
0433	222341
0440	211502
0447	204524
0454	199128
0503	195263
0510	192484
0517	192221
0524	191340
0531	193531
0538	195143
0545	197647
0552	201250
0559	207361
0601	209491
0608	218123
0615	231282
0622	246907
0629	264343
0636	285376
0643	308011
0650	335042
0657	365908
0706	415620
0713	460437
0720	511212
0727	564968
0734	625020
0741	693762
0748	769879
0755	853642
0804	984744
0811	1113207
0818	1254823
0825	1400123
0832	1544654
0839	1692508
0846	1842771
0853	1991321
0902	2186993
0909	2352640
0916	2527541
0923	2696070
0930	2860300
0937	3019941
0944	3173526
0951	3319518
0958	3459209
1000	3497242
1007	3635177
1014	3766388
1021	3882976
1028	3985237
1035	4079030
1042	4163591
1049	4241043
1056	4310746
1105	4384798
1112	4437740
1119	4486392
1126	4526792
1133	4563715
1140	4599390
1147	4628869
1154	4650374
1203	4669669
1210	4685243
1217	4695392
1224	4698121
1231	4693366
1238	4686543
1245	4676462
1252	4657137
1259	4626593
1301	4615523
1308	4578249
1315	4537877
1322	4500426
1329	4456998
1336	4406941
1343	4355727
1350	4292327
1357	4216496
1406	4109444
1413	4032132
1420	3960653
1427	3892970
1434	3821387
1441	3750982
1448	3691424
1455	3635917
1504	3565843
1511	3538139
1518	3533875
1525	3536416
1532	3539670
1539	3552984
1546	3578634
1553	3610425
1602	3650186
1609	3689887
1616	3739831
1623	3785900
1630	3829257
1637	3878650
1644	3929903
1651	3979420
1658	4023933
1700	4034856
1707	4072938
1714	4111475
1721	4152105
1728	4188707
1735	4227913
1742	4266005
1749	4302495
1756	4339503
1805	4374413
1812	4400934
1819	4433265
1826	4459494
1833	4480476
1840	4499804
1847	4518316
1854	4531702
1903	4529755
1910	4531341
1917	4537436
1924	4540678
1931	4541860
1938	4540676
1945	4536478
1952	4529715
1959	4517692
2001	4511870
2008	4492542
2015	4476932
2022	4462395
2029	4434188
2036	4411232
2043	4386225
2050	4358454
2057	4327075
2106	4270853
2113	4221951
2120	4175975
2127	4130097
2134	4086003
2141	4044888
2148	4013202
2155	3977262
2204	3933432
2211	3902573
2218	3882593
2225	3866625
2232	3846669
2239	3829722
2246	3808870
2253	3777925
2302	3726650
2309	3673725
2316	3617713
2323	3552515
2330	3481926
2337	3403118
2344	3316268
2351	3224223
2358	3126078
