0000	3097899
0007	2973473
0014	2840492
0021	2711741
0028	2576065
0035	2432380
0042	2285054
0049	2137419
0056	1988627
0105	1792775
0112	1642274
0119	1505338
0126	1376351
0133	1256112
0140	1143546
0147	1046048
0154	958420
0203	852392
0210	779539
0217	715361
0224	654891
0231	604143
0238	558324
0245	516774
0252	478552
0259	446194
0301	435671
0308	406778
0315	386128
0322	366837
0329	349520
0336	331960
0343	314338
0350	298974
0357	286013
0406	271217
0413	258700
0420	245735
0427	231602
0434	220816
0441	210411
0448	203761
0455	198344
0504	194976
0511	192272
0518	192122
0525	191300
0532	193788
0539	195405
0546	198017
0553	201775
0602	210498
0609	219784
0616	233467
0623	248624
0630	267253
0637	288267
0644	311787
0651	339357
0658	370905
0700	381713
0707	421323
0714	467291
0721	518913
0728	573079
0735	634515
0742	704054
0749	781153
0756	866675
0805	1002069
0812	1132688
0819	1275090
0826	1421071
0833	1565461
0840	1713985
0847	1864388
0854	2012782
0903	2209269
0910	2377625
0917	2553061
0924	2719079
0931	2883359
0938	3042455
0945	3194750
0952	3339841
0959	3478392
1001	3518374
1008	3653820
1015	3784259
1022	3898303
1029	3999908
1036	4093483
1043	4175682
1050	4250988
1057	4320611
1106	4392956
1113	4442026
1120	4493185
1127	4532840
1134	4569861
1141	4602621
1148	4632051
1155	4651555
1204	4671648
1211	4687903
1218	4695800
1225	4697440
1232	4692236
1239	4684326
1246	4675001
1253	4654461
1302	4610704
1309	4572482
1316	4529485
1323	4494212
1330	4450298
1337	4400154
1344	4346606
1351	4280452
1358	4206086
1400	4179037
1407	4098670
1414	4020531
1421	3951086
1428	3883067
1435	3811649
1442	3741965
1449	3683802
1456	3628218
1505	3560194
1512	3537545
1519	3533802
1526	3536962
1533	3541154
1540	3555291
1547	3583818
1554	3616940
1603	3655968
1610	3696563
1617	3747092
1624	3790379
1631	3836727
1638	3884962
1645	3937594
1652	3985854
1659	4028963
1701	4040193
1708	4078531
1715	4117300
1722	4158419
1729	4194421
1736	4234153
1743	4270531
1750	4308629
1757	4342516
1806	4378503
1813	4406941
1820	4437985
1827	4461693
1834	4483032
1841	4501917
1848	4520609
1855	4530946
1904	4529403
1911	4530860
1918	4536989
1925	4541320
1932	4542013
1939	4540635
1946	4535989
1953	4528270
2002	4509581
2009	4490614
2016	4476515
2023	4456687
2030	4431122
2037	4406811
2044	4382007
2051	4354224
2058	4321575
2100	4311234
2107	4263017
2114	4213856
2121	4171382
2128	4123005
2135	4078371
2142	4042729
2149	4008667
2156	3973368
2205	3928158
2212	3900412
2219	3881812
2226	3863494
2233	3844375
2240	3827692
2247	3805847
2254	3772736
2303	3720100
2310	3666596
2317	3607875
2324	3542577
2331	3471606
2338	3391184
2345	3303520
2352	3211216
2359	3111417
